%YAML:1.0
---
camera_matrix: !!opencv-matrix
   rows: 3
   cols: 3
   dt: d
   data: [ 8.3886441969762097e+02, 0., 6.5943067177236321e+02, 0.,
       8.3606610649209119e+02, 3.7507072587685383e+02, 0., 0., 1. ]
distortion_coefficients: !!opencv-matrix
   rows: 1
   cols: 5
   dt: d
   data: [ 8.8108123219447235e-02, 1.8708192540324126e-01,
       -1.9561881259381127e-02, 3.3214940325381639e-03,
       -8.5591443889706309e-01 ]
